400
129
444.00 216.00 20.00 20.00
441.00 221.00 20.00 20.00
435.00 232.00 20.00 20.00
429.00 243.00 20.00 20.00
422.00 254.00 20.00 20.00
416.00 266.00 20.00 20.00
412.00 274.00 20.00 20.00
408.00 283.00 20.00 20.00
406.00 292.00 20.00 20.00
404.00 302.00 20.00 20.00
404.00 314.00 20.00 20.00
403.00 326.00 20.00 20.00
402.00 335.00 20.00 20.00
403.00 345.00 20.00 20.00
404.00 354.00 20.00 20.00
408.00 362.00 20.00 20.00
413.00 373.00 20.00 20.00
417.00 380.00 20.00 20.00
422.00 387.00 20.00 20.00
432.00 394.00 20.00 20.00
448.00 400.00 20.00 20.00
467.00 400.00 20.00 20.00
487.00 394.00 20.00 20.00
502.00 383.00 20.00 20.00
517.00 366.00 20.00 20.00
526.00 351.00 20.00 20.00
531.00 338.00 20.00 20.00
536.00 325.00 20.00 20.00
536.00 312.00 20.00 20.00
536.00 299.00 20.00 20.00
535.00 289.00 20.00 20.00
532.00 272.00 20.00 20.00
526.00 256.00 20.00 20.00
522.00 249.00 20.00 20.00
516.00 240.00 20.00 20.00
508.00 233.00 20.00 20.00
503.00 227.00 20.00 20.00
499.00 225.00 20.00 20.00
489.00 222.00 20.00 20.00
477.00 220.00 20.00 20.00
464.00 220.00 20.00 20.00
454.00 221.00 20.00 20.00
450.00 222.00 20.00 20.00
448.00 224.00 20.00 20.00
660.00 225.00 20.00 20.00
657.00 238.00 20.00 20.00
655.00 254.00 20.00 20.00
653.00 268.00 20.00 20.00
651.00 285.00 20.00 20.00
649.00 302.00 20.00 20.00
646.00 318.00 20.00 20.00
643.00 336.00 20.00 20.00
641.00 352.00 20.00 20.00
640.00 368.00 20.00 20.00
639.00 379.00 20.00 20.00
638.00 391.00 20.00 20.00
638.00 397.00 20.00 20.00
637.00 406.00 20.00 20.00
637.00 406.00 20.00 20.00
638.00 407.00 20.00 20.00
641.00 408.00 20.00 20.00
655.00 408.00 20.00 20.00
670.00 408.00 20.00 20.00
685.00 406.00 20.00 20.00
697.00 406.00 20.00 20.00
708.00 406.00 20.00 20.00
723.00 405.00 20.00 20.00
737.00 405.00 20.00 20.00
750.00 404.00 20.00 20.00
753.00 404.00 20.00 20.00
753.00 404.00 20.00 20.00
822.00 409.00 20.00 20.00
821.00 403.00 20.00 20.00
830.00 387.00 20.00 20.00
836.00 374.00 20.00 20.00
837.00 362.00 20.00 20.00
842.00 348.00 20.00 20.00
844.00 337.00 20.00 20.00
847.00 322.00 20.00 20.00
849.00 309.00 20.00 20.00
849.00 295.00 20.00 20.00
851.00 282.00 20.00 20.00
853.00 271.00 20.00 20.00
854.00 260.00 20.00 20.00
856.00 244.00 20.00 20.00
858.00 229.00 20.00 20.00
860.00 224.00 20.00 20.00
860.00 224.00 20.00 20.00
866.00 235.00 20.00 20.00
870.00 249.00 20.00 20.00
875.00 263.00 20.00 20.00
880.00 277.00 20.00 20.00
886.00 286.00 20.00 20.00
890.00 295.00 20.00 20.00
897.00 308.00 20.00 20.00
904.00 322.00 20.00 20.00
910.00 336.00 20.00 20.00
913.00 347.00 20.00 20.00
916.00 358.00 20.00 20.00
916.00 368.00 20.00 20.00
918.00 379.00 20.00 20.00
920.00 387.00 20.00 20.00
921.00 398.00 20.00 20.00
921.00 410.00 20.00 20.00
921.00 411.00 20.00 20.00
853.00 367.00 20.00 20.00
853.00 367.00 20.00 20.00
856.00 367.00 20.00 20.00
863.00 367.00 20.00 20.00
873.00 367.00 20.00 20.00
882.00 366.00 20.00 20.00
890.00 366.00 20.00 20.00
898.00 367.00 20.00 20.00
906.00 367.00 20.00 20.00
911.00 367.00 20.00 20.00
913.00 367.00 20.00 20.00
893.00 200.00 20.00 20.00
893.00 200.00 20.00 20.00
893.00 200.00 20.00 20.00
901.00 193.00 20.00 20.00
908.00 182.00 20.00 20.00
914.00 176.00 20.00 20.00
923.00 170.00 20.00 20.00
930.00 163.00 20.00 20.00
936.00 156.00 20.00 20.00
939.00 153.00 20.00 20.00
940.00 153.00 20.00 20.00
940.00 153.00 20.00 20.00

